0 0.304384 0.673767 0.030093 0.054579
4 0.461192 0.604892 0.034822 0.017123
2 0.418873 0.565543 0.023619 0.036321
4 0.444186 0.583958 0.016849 0.009560
0 0.219514 0.937412 0.028682 0.120068
2 0.424658 0.538187 0.013123 0.019721
1 0.365436 0.612727 0.171595 0.008772
4 0.544722 0.577490 0.066781 0.024746
0 0.416674 0.599501 0.009841 0.031438
1 0.348773 0.780692 0.205748 0.015396
0 0.448493 0.724080 0.019463 0.075587
0 0.427612 0.658955 0.021921 0.058038
1 0.364300 0.624706 0.176885 0.010460
0 0.196474 0.845893 0.017397 0.068009
0 0.496356 0.948190 0.043123 0.099315
0 0.260890 0.743459 0.049370 0.066331
0 0.157448 0.942449 0.066299 0.104956
1 0.087397 0.772588 0.174795 0.023904
