0 0.323662 0.863943 0.093099 0.255245
0 0.377263 0.724985 0.009403 0.042818
0 0.042637 0.794675 0.085274 0.068009
0 0.196352 0.700020 0.022375 0.025890
0 0.390985 0.566761 0.037225 0.045479
0 0.400537 0.766967 0.010816 0.113346
0 0.429026 0.605245 0.036896 0.032652
0 0.345658 0.622703 0.016849 0.051776
0 0.424944 0.670259 0.037877 0.106703
0 0.437447 0.908023 0.071468 0.177162
1 0.367775 0.676930 0.078405 0.009095
1 0.226737 0.709477 0.132438 0.009814
0 0.410578 0.556262 0.022855 0.015166
0 0.110899 0.761928 0.098268 0.104951
0 0.330181 0.582121 0.017238 0.030788
1 0.260219 0.690572 0.104658 0.016791
