2 0.406136 0.561925 0.030041 0.068801
0 0.282519 0.651517 0.055953 0.085646
0 0.403629 0.887747 0.021981 0.218302
0 0.427353 0.829824 0.034871 0.340352
0 0.372870 0.822828 0.031778 0.354344
0 0.142399 0.965969 0.035258 0.062955
0 0.325541 0.601558 0.016929 0.029388
0 0.487052 0.939511 0.022099 0.052055
0 0.414952 0.628977 0.023510 0.061810
2 0.331526 0.564547 0.041468 0.034398
0 0.389326 0.620819 0.015321 0.052490
0 0.233853 0.735061 0.026332 0.056257
0 0.166616 0.842532 0.076170 0.162050
0 0.330056 0.583789 0.109060 0.021570
