1 0.355564 0.569052 0.034301 0.016036
0 0.446351 0.691742 0.034030 0.050529
0 0.135688 0.896957 0.131029 0.198246
1 0.296132 0.636156 0.079627 0.006884
0 0.240055 0.648273 0.043799 0.042562
0 0.108737 0.797832 0.216289 0.256556
0 0.427793 0.745980 0.053203 0.113351
0 0.227481 0.781798 0.072882 0.133523
0 0.219561 0.886636 0.104535 0.225649
0 0.281007 0.898192 0.073736 0.197315
0 0.478619 0.921465 0.031518 0.151975
0 0.305508 0.752305 0.049039 0.139241
1 0.245408 0.678873 0.157892 0.033611
0 0.408784 0.587516 0.045463 0.057825
0 0.332962 0.663893 0.022707 0.054664
1 0.296699 0.649111 0.094370 0.009314
0 0.268478 0.740108 0.060793 0.115453
1 0.314204 0.617104 0.083670 0.011808
1 0.395597 0.633929 0.063997 0.022675
0 0.479772 0.827006 0.034856 0.136022
