0 0.424834 0.575746 0.004096 0.013782
0 0.362147 0.583376 0.018896 0.029755
0 0.325296 0.653234 0.011973 0.022838
0 0.425659 0.549163 0.003411 0.005391
0 0.266337 0.617079 0.010778 0.015861
1 0.445849 0.602823 0.033134 0.004295
0 0.403810 0.650998 0.028868 0.037896
1 0.372668 0.680883 0.170608 0.036443
4 0.436360 0.625181 0.019652 0.014511
0 0.384192 0.549983 0.007348 0.010778
0 0.376205 0.595553 0.006444 0.013160
0 0.426530 0.653427 0.017170 0.037901
1 0.420040 0.563569 0.025997 0.004780
1 0.301078 0.633312 0.022858 0.008258
0 0.456673 0.679697 0.014386 0.031507
1 0.411456 0.613099 0.068973 0.020582
2 0.341547 0.561216 0.015367 0.019056
