0 0.379577 0.812327 0.047104 0.375345
0 0.476747 0.809260 0.074483 0.159765
0 0.452171 0.620047 0.014746 0.021259
0 0.287635 0.614579 0.093612 0.085639
0 0.383157 0.618888 0.022542 0.093876
0 0.433077 0.605537 0.009454 0.021254
0 0.452042 0.936159 0.022580 0.122587
0 0.432320 0.631715 0.015679 0.043733
0 0.416725 0.553236 0.012665 0.030706
0 0.457085 0.816090 0.115981 0.367761
0 0.159813 0.915213 0.109031 0.169574
0 0.450452 0.665826 0.009473 0.033817
0 0.433626 0.699642 0.013719 0.039647
0 0.423173 0.585069 0.011760 0.034400
0 0.405371 0.587692 0.021886 0.037315
0 0.263175 0.725409 0.138767 0.223341
