0 0.211020 0.703802 0.031449 0.045007
0 0.325060 0.807727 0.013601 0.035404
0 0.054889 0.768533 0.098913 0.076360
1 0.330791 0.756019 0.161735 0.040034
1 0.180763 0.731788 0.132023 0.013346
4 0.402750 0.653185 0.008872 0.006144
0 0.334112 0.676492 0.041960 0.035904
1 0.213514 0.747065 0.037799 0.006673
1 0.366132 0.802496 0.048960 0.014566
1 0.340137 0.723535 0.048208 0.020720
0 0.262288 0.667389 0.028644 0.049054
0 0.278678 0.682511 0.018542 0.029559
4 0.414719 0.668258 0.017068 0.005855
0 0.245869 0.760946 0.016717 0.038942
1 0.156355 0.704395 0.061998 0.015453
1 0.283766 0.726872 0.023612 0.009833
