0 0.432232 0.559187 0.030261 0.034885
0 0.167678 0.942626 0.056794 0.114748
1 0.243805 0.652878 0.066165 0.011470
0 0.430979 0.614588 0.015753 0.029833
0 0.375062 0.617344 0.019736 0.021068
0 0.397196 0.650247 0.026086 0.025512
0 0.114354 0.773319 0.228707 0.180750
0 0.417587 0.589275 0.040642 0.030975
1 0.188055 0.817849 0.030813 0.007761
0 0.384244 0.590600 0.033121 0.030774
0 0.221497 0.667220 0.048018 0.025982
1 0.378205 0.845664 0.300192 0.067614
0 0.393669 0.693368 0.015446 0.059927
0 0.291562 0.643040 0.131573 0.081779
0 0.460719 0.924743 0.049904 0.150514
0 0.393568 0.625287 0.013379 0.018560
0 0.441202 0.746399 0.028273 0.183038
