0 0.461404 0.719532 0.011290 0.065492
0 0.406411 0.616259 0.031049 0.070529
0 0.261975 0.637668 0.017922 0.044498
0 0.058030 0.941195 0.108666 0.114189
0 0.414856 0.688466 0.016981 0.023508
0 0.519780 0.871926 0.092199 0.251053
1 0.423795 0.753959 0.058378 0.018471
0 0.342180 0.830363 0.061669 0.332494
0 0.107918 0.832043 0.047557 0.058775
0 0.259128 0.744723 0.041397 0.058775
0 0.394386 0.880323 0.036261 0.230897
1 0.172362 0.861012 0.271471 0.068011
0 0.047470 0.846318 0.041441 0.065492
2 0.359373 0.577215 0.026344 0.037780
0 0.155899 0.931120 0.075784 0.130980
0 0.257035 0.688464 0.047560 0.038623
0 0.377954 0.627592 0.015523 0.062974
