0 0.046061 0.811480 0.092122 0.098217
0 0.357723 0.575943 0.016786 0.031181
0 0.225988 0.649843 0.052169 0.043665
0 0.323361 0.625086 0.018394 0.027732
2 0.415921 0.544312 0.035608 0.034405
0 0.432991 0.680909 0.030576 0.102435
0 0.379069 0.547357 0.009300 0.027942
2 0.283379 0.603665 0.066374 0.045341
0 0.424252 0.574049 0.014373 0.025071
0 0.199175 0.848834 0.165158 0.287153
0 0.468977 0.695015 0.020228 0.062131
0 0.443525 0.594456 0.004573 0.023905
1 0.102291 0.886195 0.108671 0.041132
2 0.146725 0.721213 0.115767 0.097398
