0 0.273735 0.659919 0.033914 0.030225
1 0.237513 0.578895 0.042383 0.012597
0 0.267387 0.606602 0.018386 0.068011
0 0.209736 0.567139 0.013170 0.051220
1 0.355844 0.699802 0.241318 0.017634
0 0.169069 0.620456 0.068257 0.073885
0 0.328091 0.668315 0.033398 0.063812
0 0.346928 0.610198 0.021559 0.036154
0 0.255859 0.623814 0.005690 0.021828
0 0.112858 0.866889 0.177859 0.254405
0 0.351141 0.947073 0.039042 0.099074
0 0.280320 0.603244 0.007573 0.026026
0 0.349964 0.775367 0.086555 0.145257
0 0.242455 0.665375 0.026865 0.046183
0 0.213519 0.714081 0.039555 0.049525
0 0.095921 0.850507 0.191029 0.241828
