0 0.386134 0.557014 0.016077 0.022268
0 0.354881 0.937415 0.045677 0.094880
0 0.419584 0.650262 0.058328 0.099917
0 0.478619 0.734645 0.050332 0.090681
0 0.353061 0.515818 0.012918 0.017153
0 0.348232 0.529853 0.005671 0.007761
2 0.208389 0.628800 0.062394 0.078716
0 0.454864 0.738425 0.036690 0.088158
0 0.280141 0.526903 0.007612 0.016169
2 0.399820 0.786284 0.097856 0.198996
0 0.373374 0.539863 0.002536 0.005625
0 0.331031 0.519897 0.021172 0.017550
0 0.436025 0.943293 0.029212 0.111671
0 0.355891 0.514985 0.004716 0.006482
0 0.570561 0.879064 0.114826 0.172964
0 0.365910 0.532212 0.006994 0.010461
0 0.389452 0.583670 0.026832 0.025644
0 0.309876 0.516592 0.006956 0.014762
0 0.364868 0.579454 0.021930 0.078623
