1 0.021061 0.873897 0.041245 0.028796
1 0.224532 0.608624 0.072173 0.005749
1 0.363538 0.783005 0.057116 0.019799
0 0.346306 0.667781 0.009067 0.012752
1 0.312012 0.636194 0.076619 0.014098
0 0.373965 0.887845 0.060743 0.211484
1 0.076835 0.687735 0.027834 0.011459
1 0.304671 0.598740 0.037802 0.007799
1 0.242785 0.921843 0.187351 0.037297
0 0.348196 0.534324 0.003059 0.019528
0 0.042958 0.702204 0.085916 0.081744
0 0.323822 0.606803 0.004223 0.026039
0 0.169811 0.595518 0.063834 0.043833
0 0.384647 0.637410 0.050998 0.116993
0 0.353661 0.569914 0.006995 0.034285
1 0.144520 0.677052 0.070861 0.011990
