4 0.355125 0.620687 0.018600 0.007226
2 0.401747 0.578977 0.059707 0.026751
4 0.538896 0.850264 0.039184 0.061223
0 0.141816 0.726994 0.065304 0.051893
4 0.418404 0.756470 0.026803 0.020152
2 0.257944 0.878249 0.234474 0.243503
4 0.333575 0.576795 0.022142 0.008297
4 0.404453 0.568613 0.009186 0.006326
4 0.355295 0.595108 0.023948 0.009569
0 0.140901 0.754572 0.009468 0.011659
4 0.424986 0.926915 0.071940 0.141062
4 0.355295 0.613075 0.024605 0.006443
2 0.421967 0.665220 0.088066 0.100871
4 0.370210 0.572727 0.036178 0.012206
